39271
21758
4071
34938
36046
11796
12720
11097
10575
38324
7149
8285
16378
26292
29055
10037
3574
21667
25815
28429
1598
21888
488
39321
25592
12792
9480
26017
8754
9722
32982
21030
25559
22001
4347
14514
20344
5645
32534
13318
12929
3476
33152
7928
18436
22966
20271
36397
26647
22941
16215
23700
39737
10302
29885
33627
29652
5606
31502
13238
10286
26550
26934
20523
34888
1898
11378
23780
14990
30873
16791
20908
9474
39505
30499
35480
27636
4949
8815
24631
17356
7801
36530
8778
28270
4748
35835
19406
9069
23012
31883
26302
23418
37468
34503
8886
39881
29763
21964
26491
22984
18817
28117
2260
9807
10234
39265
16077
3645
24978
5294
14214
28818
22048
33652
4130
4667
14007
20006
2607
33337
11353
36170
31150
8133
19416
10429
23624
31535
13247
39140
15147
9649
7001
31955
28830
496
24650
30397
31581
21818
26805
32431
20167
14943
36381
300
14695
20213
7106
383
17227
32648
17199
10969
36516
18411
20645
34972
27067
21691
506
10054
12430
9129
22290
6511
5750
34521
5975
14983
36708
29434
2782
3718
24545
17993
10631
8581
37402
3051
25135
14076
39936
21484
26309
28641
19586
15997
5403
27507
36734
37375
341
21954
26241
17772
39688
35475
33367
1937
7425
16627
36016
26688
27091
35787
20973
31723
39797
15517
30796
555
11731
2236
29879
8540
39128
10040
30221
11458
9983
1552
17302
34888
14885
39366
15813
23453
14539
9200
21769
20953
19744
27247
14501
1420
15947
19344
29113
2825
2342
20630
32836
23496
25250
21374
12579
29470
20404
31416
19146
32132
1936
33015
32282
13184
29280
29424
35225
29187
33268
39538
36828
25684
8304
15224
27153
6497
12928
20632
30852
28924
23540
8625
6547
10019
9594
4247
20802
6375
16353
10901
27293
30545
3093
32982
28720
35411
24782
1384
38364
25303
22573
4596
19562
17127
3775
22577
26196
24009
28664
24394
31357
24401
28733
39969
2555
36974
23541
12775
217
3593
1426
31927
30822
26369
36841
35709
22734
4634
8755
3251
14760
31751
24835
10361
24528
19429
37856
20663
11576
349
21466
36652
3135
18548
4694
3810
32135
34483
501
20625
19823
209
21842
22984
32225
21376
36303
3157
27446
7357
13693
15434
10418
17274
23473
1953
5938
626
5586
16058
5327
33164
11445
2773
34833
31314
33333
19281
17195
29208
37365
36783
36624
8819
24304
27858
8576
31888
28024
28432
18803
33691
2104
5744
9829
22170
1201
3869
26163
3818
22707
29010
4950
16798
12434
23588
12901
26693
13924
26045
24804
33707
37456
4233
15946
12204
32563
24207
20175
29968
8983
9384
27227
10669
31412
12233
16196
16406
28167
12842
18937
24519
38890
275
36558
5946
3008
29304
33041
31666
21800
24451
32082
32417
8471
15818
31463
36588
13889
25157
22027
29188
22317
17357
263
29553
28536
1455
27271
14251
3154
10048
37796
7429
27226
23526
25049
2929
31334
4193
3092
16821
16181
12703
31962
3167
1178
33849
26031
24118
11731
31060
37895
15832
32599
36831
12184
19211
20783
37125
4981
11305
216
30416
11092
11275
26059
25180
22240
16190
12810
670
14861
27078
12311
39109
19520
39169
4535
23019
28071
10895
414
19221
21445
31207
20122
25382
26478
46
7639
33429
6409
33720
5908
26929
8607
38865
3740
1736
17831
14094
34981
30985
63
14557
30567
29045
10633
37022
34475
35771
38985
5784
6340
13799
31893
15556
16694
28736
16940
13698
5290
13022
26632
27297
27460
21919
24341
13761
36014
31311
10801
9672
26351
23447
21322
34009
25074
20371
31958
15632
5274
24768
29768
27521
3201
18447
12277
7035
16175
13858
24881
22023
10451
26861
1831
8527
31994
26859
16637
11684
27604
35589
15261
33616
10350
10310
3119
6375
2729
13885
26052
36727
2915
23747
11277
35493
14106
1539
20140
5210
36637
2949
6171
768
28057
19252
33633
17499
8484
39027
12047
35651
1216
3581
26053
26256
29952
38617
38150
24872
4178
4573
28167
34947
33707
20148
23218
6389
34506
27913
20715
9271
14140
19487
28288
37076
5833
27166
15134
16588
36704
38039
26486
35792
6641
10084
16599
12027
36271
35848
21699
32019
30450
34246
5198
26295
38763
22561
31682
6747
9584
12873
1577
6644
13558
33435
6128
33590
25645
7847
22471
10722
9990
34417
37198
4681
17632
2642
3386
11285
37242
381
14129
28450
5117
3714
36249
38960
22655
10094
2039
10147
37437
23331
28482
19081
5362
10573
32112
34894
32944
35826
10093
7193
21945
329
4256
9376
17523
28196
33831
37177
32038
13187
35568
13937
11909
38831
10077
9387
36530
4549
31033
12769
39906
15301
12309
37060
4006
17318
6523
25432
30739
17243
10978
5425
36915
30797
31328
5667
25827
26576
39112
5853
23114
7170
29875
29673
21350
850
1953
23755
2575
7187
15834
1812
26048
21956
29024
30230
29345
39601
2236
35858
39129
15059
21015
10480
38866
11011
814
26780
25777
22205
14617
11930
20449
3952
31935
5348
26483
38571
2649
23838
11567
37177
23829
23245
20049
21676
13664
14226
37080
17151
8976
31452
25332
30449
17531
29423
33258
23494
3342
21310
38927
12501
31745
28915
1872
11722
34217
2707
15785
17614
30600
4261
29889
27909
266
3479
16029
19100
37873
17082
33719
17957
8132
15328
30516
17228
34013
16985
653
15860
33263
27205
25748
39264
36277
9047
9341
20299
3666
227
12247
38265
15515
19865
993
10981
25025
28187
17825
3290
32102
16702
32881
26033
27597
1082
5813
17550
25664
10933
22753
23082
35360
417
10209
21909
12433
8170
31768
35167
1958
934
21649
16680
29449
29873
12830
23969
13476
10824
21634
2086
20590
9736
7494
38938
15886
21210
14731
35338
9220
28843
38181
37559
26644
14359
11801
39285
11322
36300
24681
25433
37213
5047
24281
428
31087
20967
11087
18829
21436
1782
15226
15124
14123
18621
38297
18110
3538
18159
6965
33236
9148
33609
32775
22547
27740
14253
25928
10014
6844
39965
33504
10347
35635
16286
9426
34369
431
24574
35738
25346
12851
7182
23363
10402
3352
22920
7227
11219
13832
16198
22916
29016
11090
20875
36781
15060
9128
20873
35090
15008
18211
24960
35488
27294
39852
2747
30891
20070
10640
19405
3143
6354
6350
10032
15944
16521
34398
33244
26552
15709
38853
27385
31824
36650
30432
28192
30596
8166
10116
670
36261
37782
16673
22442
1363
4866
25038
7463
6093
29614
22936
25147
26126
18815
4335
24856
36628
10267
31610
14780
22758
27176
12482
38283
14113
13028
29009
36911
24655
14975
19477
31373
26339
21370
28772
11295
20273
6760
34849
36190
33739
38427
8685
28817
22049
19506
13519
29639
20412
4689
18519
20799
20275
28345
31765
20761
16030
31285
36156
33566
20917
6167
13466
34956
6225
39357
14010
22203
39824
39769
38060
27874
7119
26353
23859
34870
16381
31086
7615
740
33359
6949
2027
32986
21877
39047
31732
10932
18239
8252
22920
14168
33101
8603
21668
30607
24645
7576
18410
22202
27703
29000
17779
5091
25093
27471
14056
18554
12153
39753
6181
20198
29255
5930
344
480
35507
31345
23923
2579
39283
35995
10307
21589
35440
33125
21915
12457
37781
36394
24024
4091
19043
25291
27446
27553
18256
24768
7170
7771
33489
34911
7608
14136
35698
13853
7304
29583
33527
30962
20668
3567
8151
18511
19845
15386
8257
26484
30713
26999
23171
24646
27164
23690
4958
28625
18990
14491
19247
34839
38672
36042
2934
30989
19010
9824
32482
29438
38989
16720
6107
28122
25431
33774
28893
1348
10378
14854
36354
11358
17414
38273
35695
6735
40
8033
12872
37143
1739
34090
29492
192
14935
10164
32284
27168
37210
35748
10205
36327
1275
11456
37977
38080
19037
26698
5950
4012
10324
3540
16157
712
10393
21670
32255
10634
34204
39921
39332
2719
5428
21871
2282
13721
4332
34371
5381
39762
30695
16179
264
37598
4491
10422
15444
15037
24703
30708
15079
21975
12486
19170
24370
26458
14100
34491
24977
11253
35631
17128
18218
21667
12034
28853
14410
10503
19223
12779
18326
13627
1878
15366
34326
23792
34677
25672
14251
37213
36928
20475
1318
22340
30789
6135
1066
8508
12195
24121
35946
13856
9796
8565
26259
11408
19519
24216
33572
31116
3183
13288
3484
34634
4898
25033
17782
8579
4625
16209
5507
31000
21488
37297
34201
10493
3664
12360
38589
20800
26556
16858
23137
30335
3214
33617
10470
759
12134
30828
12047
21788
6009
21706
15906
27768
38153
15811
21892
28016
3315
32248
26328
16521
34290
37333
9050
38312
28200
29056
33225
34469
10648
4616
2510
30785
3945
14786
35015
72
6557
15778
12119
11574
2114
1719
39864
2626
13648
26423
38256
32338
3529
23542
35724
26975
4851
16499
30259
16224
29026
27780
11671
27587
3253
30970
33337
19111
32829
25061
37318
14082
19959
31534
38954
33079
3076
23606
27399
27291
35070
2318
6580
15845
24827
14426
3568
12184
15081
4817
14148
24713
1999
11004
22322
5253
2707
8228
28805
2458
6809
29743
36076
13807
1008
1901
6792
6320
28605
24496
1693
10340
26459
21371
11324
17685
4614
35729
21910
35895
37846
77
32885
26857
17558
35924
302
39138
32882
22036
10980
36545
29777
28405
38407
7445
16044
24267
26670
11839
36818
13303
6520
35684
15854
2082
4566
10455
36444
33452
24286
12598
32127
75
11878
4411
19729
14599
36728
39499
22607
4124
447
7957
17949
2932
39613
29170
32243
1002
38024
39330
39211
32335
664
35128
28283
32062
27939
6144
17731
35365
23685
7102
14575
13459
12825
18309
28587
36962
27110
24937
4196
35448
38501
33850
26550
37654
9491
3241
36017
33030
12442
31823
31696
19057
39115
1681
37888
6919
15551
16728
17264
102
37937
26912
1268
14912
22113
1136
34049
14347
11713
30159
10788
438
22653
27986
1397
1845
10884
6403
23733
221
31795
25798
2569
35985
14781
22818
31349
10198
39091
33777
1063
15756
14591
15109
11225
36637
20563
7261
1150
13128
35802
15025
26938
7510
37615
4630
4082
14054
20549
1690
16554
6165
3799
30383
4539
12135
37698
2077
35912
10126
19492
19392
12953
14962
20115
22122
26156
4817
5104
29564
21177
15810
19663
538
21128
5749
32598
11563
36574
33530
11996
30936
20826
11550
15345
10791
20229
27120
5865
2914
29533
32897
22206
13166
19458
34165
21351
28306
11252
39555
34646
24223
4433
975
35808
22370
30818
12979
39084
16821
25062
26120
872
21609
4524
36256
13885
13339
11105
37499
19716
35326
33352
23188
1059
4146
39109
2678
5267
11068
19700
4225
34603
15509
23057
500
12793
1889
35790
3734
18870
626
36365
12338
37680
27374
6559
11928
6392
5534
20607
25127
2302
16022
20306
15209
39833
34854
24526
39143
10274
24030
10086
7524
12238
38073
27975
12654
3586
36140
17412
21235
37494
25036
37964
29224
564
5690
37640
37124
8142
30014
29667
12335
28322
2216
34289
8832
33721
21081
1067
5003
27292
35412
39869
3447
29956
13327
16933
23799
14766
23044
10280
13074
33816
23794
11441
3315
12665
23811
18835
16006
39752
18072
16648
25198
8234
4280
30085
19683
35292
430
32430
2368
17940
6554
32220
27934
38053
33559
29795
33163
24069
34127
29258
35028
21919
9068
19961
1526
5269
35482
37631
11918
8440
4403
39286
2083
34961
33868
9886
37957
33610
8169
33802
39363
38585
2434
20189
5883
24842
33122
23571
36784
6582
18192
21669
35290
38609
26928
26867
37946
14658
16862
10076
17785
1258
6674
26277
4859
28702
30494
35442
6638
13669
37513
32112
5238
2529
8616
4167
15444
38398
29097
22923
30266
10467
13529
9242
5613
21033
27836
39257
29228
13413
28342
27530
10431
11475
3593
30107
20436
27954
14294
22749
39647
29660
23069
17965
26277
1495
7021
22097
11769
12520
1188
25209
35348
17456
32193
33265
39197
35972
6056
33589
24554
1571
29958
24823
24403
18680
29208
2442
29893
6423
2301
32227
14389
9044
37854
29066
21841
18348
11683
27102
12587
18363
39838
31303
7553
20368
35488
21591
16241
29772
14653
6773
25350
20204
34148
32474
4364
357
36540
28779
3233
37068
3058
26791
19093
29209
4668
31784
33968
29634
21072
34619
5312
39844
24525
35447
13286
7955
13310
10840
28291
39595
10447
4499
28302
8519
4364
12469
23689
2645
11209
6431
20544
14422
8805
3311
31692
6476
38015
15389
19382
26137
21656
29023
13642
34424
24422
19073
22735
33526
24523
11490
4142
1523
23114
17709
31500
32036
35099
37330
22042
18912
22459
7372
9860
4045
34438
36769
36154
12879
39891
7832
1754
35043
18427
12325
18751
736
17333
30257
24375
27054
38170
1537
15854
11411
39635
30373
2966
28070
35329
17919
39714
11311
24211
22204
22368
5479
35075
37118
16691
1398
1830
31349
30108
7499
20616
20365
38045
16844
5810
6084
34632
24120
9165
14491
22284
38717
25813
31165
8458
39285
24505
22477
15234
9377
293
20537
218
8843
16886
26977
34091
3313
39097
16164
34190
20678
2707
24314
1037
8666
34902
2185
15527
4838
11542
16243
5309
17628
7452
20089
27675
4681
36605
38416
34298
6272
27894
23532
33686
22747
16544
1857
37589
37502
18807
14596
12691
33763
24299
23600
30095
28619
15412
26365
38778
10736
6692
32
30798
8957
18729
39161
3283
34809
35072
36443
6609
26799
36362
35772
30042
30725
20129
17002
22032
3476
24525
39167
5678
33814
2640
5072
4766
6123
31051
25319
16295
19003
16672
21137
33159
22012
29705
5593
18203
21961
222
1917
8701
18705
14914
26283
26708
8718
16933
35324
7558
9811
37693
24169
29441
23430
31148
38999
9490
20740
14686
29690
6180
33328
38301
23881
26770
32632
2795
26063
9728
20600
27416
6594
19653
28799
29354
8820
34527
19489
22500
12971
20698
29104
7927
8674
7638
21853
36867
12767
37196
17929
2509
18609
33716
25794
22418
20701
30304
10939
37747
8968
16571
19599
261
9838
30635
35250
31960
35880
3337
11615
37011
7611
39815
22695
173
33516
30116
31189
16301
30038
24024
1731
3300
15660
5299
2305
8527
26417
14993
7274
35350
26120
9651
31787
21643
25086
5136
17777
7608
25294
2781
23020
35290
36802
24009
9124
18345
14354
10517
28037
32652
31366
30741
19076
14904
273
23578
13672
17395
10998
17175
6708
25258
24772
17991
27409
34710
23202
28377
26177
26857
32961
6372
38970
8908
38494
22786
20595
21221
17791
19790
27954
18241
35784
37911
15439
28153
13158
25156
5350
7969
20972
2846
29055
13824
30790
10323
22200
15819
21823
278
28817
1620
9868
4268
34012
36570
2810
675
22256
37661
17694
11122
1112
16996
14603
27925
31113
15241
1010
10485
17651
4791
21722
39411
34839
17913
31235
24179
2392
39679
11373
22250
18153
31482
5769
7121
22992
25036
37772
30349
1329
4713
24379
28586
33151
16884
30220
20039
37865
14930
16474
39777
24279
13124
19728
12967
14937
39065
21251
9101
18937
12141
38255
29549
34711
21330
27520
15040
3662
27509
19598
35835
18232
5140
23966
37291
9280
33623
15703
7183
3425
12957
25344
7920
25151
22398
32995
3320
8999
7842
1847
38422
20029
24493
26040
28119
34015
19611
37571
4733
23833
36332
26688
21671
5854
39082
6376
20858
9757
18117
3142
9122
16337
31205
32735
35524
262
22391
37870
34869
11279
2406
4695
5655
15539
42
28200
1121
3366
17333
27342
4907
5191
18493
14821
111
15492
19546
24883
4276
1542
20678
39036
4328
9648
36337
24811
3394
22403
39893
25546
21221
24572
33248
19848
18867
3941
341
12357
34220
2019
25715
2915
21778
790
7140
30591
23740
9214
12415
9714
12565
37678
28965
20836
27239
26816
8039
24621
17877
21851
9350
3604
25644
12520
36616
24496
18733
18527
2849
3070
35308
11724
17458
13547
37153
20660
21311
27923
24615
29185
34370
35146
12858
37588
4391
6512
36070
20983
24356
14307
16244
4810
39671
33893
7794
35714
12648
27291
25136
21256
10737
27175
20166
2243
27316
19665
18809
26704
19398
6109
11105
33558
13672
35571
17962
37843
319
28181
33430
16685
9232
37725
6379
31863
16009
12754
26441
26466
16567
11927
13201
29604
25750
18873
17406
4038
16111
14049
30833
28136
515
28570
27415
4991
25707
4759
36381
2289
25541
24205
18804
12304
6390
15450
5853
22330
38666
35625
3219
6645
4775
1999
22298
11693
1982
29004
5270
36504
10022
13862
23259
35479
30083
7996
6871
7983
21198
1454
28927
2733
32175
37969
6962
35977
27863
38056
12684
27825
3366
17392
35559
35437
8132
27630
6923
36504
19504
11160
10873
29688
25920
9351
21067
1185
1872
27628
31739
38001
12216
13851
37688
20296
15488
36503
10653
15283
2437
38019
16096
17613
8417
33702
25719
10410
31042
28666
28006
24874
38527
33267
32991
9223
8413
38954
798
32708
36326
522
30409
34456
5187
17165
18992
9115
5766
32595
17346
24130
13749
36589
21228
21211
11277
20089
35896
18862
18201
29810
16045
23873
31870
846
32562
13815
25452
3210
18046
39362
18281
36518
19677
10414
29977
26461
1113
23136
17098
27699
39186
23732
3605
8852
39219
33495
10813
8525
38598
9350
4184
6510
37871
8358
26427
12083
9591
3838
11073
23067
8297
30005
24730
1988
22989
13602
29058
2599
29999
19775
2827
27422
18126
15616
16995
8106
10992
17083
8510
34035
17612
35517
35386
7930
24588
4311
10352
837
26096
15935
1708
23206
2294
5335
22030
9237
39759
14706
1924
10160
33478
4577
7214
11184
13605
30786
21956
26694
21272
24070
1355
31275
30758
8771
16447
8886
25720
35607
17470
22970
27591
570
3083
7335
36382
4115
23076
33142
5987
31136
10734
23675
27783
4600
21882
17595
21281
5865
31258
13823
34472
10705
35781
36833
37259
11109
37953
8308
15046
19326
32029
18972
3886
15226
39142
28906
319
22035
36475
2738
3121
19291
22776
39472
19133
27219
32201
6145
16650
23014
9367
1295
34209
12955
17253
33386
2804
34416
32841
8086
35561
12611
5976
3913
19019
28931
12225
7340
37219
28685
38248
1336
35575
37357
37971
31475
17752
20391
6402
20982
22218
24476
25559
20718
3029
18837
4664
4038
1659
25894
16548
17452
27775
23053
1920
32618
30360
21311
28788
36022
14532
1553
17898
20900
39466
23595
13632
23045
37554
39966
37133
5437
27737
36745
38129
11629
22188
15026
5969
21
7177
3308
31612
27918
11218
10623
7329
2872
34960
31981
25214
700
25368
28697
5733
2289
8543
27492
11558
20898
12185
30698
18248
22820
37594
20792
20819
19610
38504
36853
27774
2657
14009
31412
37550
4099
9506
38216
25081
36087
35278
7438
21663
33980
28174
17557
38609
32384
29166
28746
30890
6877
17616
23818
34497
21987
34316
28716
15764
1626
8939
10622
36930
24273
34171
36975
34204
26710
20200
12785
32113
20917
28856
17238
10860
19994
38301
36536
21815
11283
13979
29797
12164
39427
30808
36129
29606
9309
25829
25170
38347
33161
14718
15896
3207
1648
3328
20214
23686
13240
29600
10278
6477
39750
5795
39509
32867
20032
15237
5641
33251
5706
955
15936
34515
13555
694
1853
22145
24536
4865
12013
24805
13718
6553
28361
10136
19043
30489
9983
4705
20255
1546
7629
24808
26244
21815
15146
25668
3259
8211
32239
13016
1890
27481
4053
22900
14911
14138
38059
35626
33728
27265
27521
23740
4899
36069
5533
19346
37998
27427
32390
23019
23778
35443
14540
14630
38221
37083
35820
22441
32728
27055
21503
31822
22770
37211
18940
32987
2633
14015
34750
20030
31972
33207
31174
7531
7521
3524
14902
22624
10605
5995
28476
3071
2070
28794
20761
35498
9086
18580
12702
9748
39365
36952
21644
37406
2540
27885
4251
21733
29412
5242
38886
30423
11635
13703
32658
13156
4208
26008
18138
23274
38804
28626
628
35891
8625
12633
1997
39569
34039
8559
36504
22926
35052
34866
3250
7040
1494
8610
10000
17392
39277
2744
6645
35326
20601
18385
5388
6154
2428
24839
13055
12051
25262
31414
20564
30370
39520
32164
6889
24480
27474
39335
26550
26614
13329
13064
2150
34235
30414
27802
13794
10031
8045
7082
23794
13796
21279
27923
28498
5697
36379
26946
25884
24296
25369
39702
6912
10830
25391
27031
8046
22977
32231
16329
14153
16158
17460
28947
13123
26721
5123
13228
9200
30916
38198
14951
13479
2073
15594
8148
3120
34954
27563
35020
24822
1880
35013
39226
9740
4526
12253
18648
7970
37302
23173
10844
17984
13017
23337
15551
602
5567
9717
10762
25243
31634
24318
9076
17964
22399
16758
23045
32456
23315
16304
2748
13739
24622
14194
34005
25443
13446
9025
36092
2532
23630
23093
16071
5980
23575
14779
35252
39549
24215
28722
12709
5622
11606
13635
15240
2554
21056
31668
17449
24129
38482
39731
36810
772
25538
35500
34032
16828
21567
15269
24783
16119
19166
26546
1971
28502
25081
25352
14167
591
17302
20952
29654
30902
25080
31013
29910
36787
36360
35564
18557
9910
89
38814
25359
15810
3696
28303
2382
4484
23228
18212
11929
21458
36021
3181
21560
35735
31079
21534
5143
208
19590
8012
5825
5918
16810
35009
37519
31541
33462
30711
31771
37606
23147
9308
27083
37739
14288
31101
31950
30544
9773
27403
26343
1517
2704
35208
12477
2141
14182
988
1834
8816
32328
17214
26813
20076
28659
7063
30633
5029
31318
11582
19232
15644
26067
38453
3760
32920
31595
24482
154
31171
34730
17969
12618
6157
1750
4563
36833
38319
23405
1676
13340
23383
20683
17125
35965
31306
34063
4642
23653
39421
6740
1529
24918
18083
27389
25390
24804
8259
16879
25967
22595
6919
11717
34972
36069
2070
14280
29133
25695
36743
2366
24261
17999
1588
3196
30715
1261
34679
35645
38648
21016
29790
5235
20717
26581
39539
9157
22758
29894
35225
23401
33624
30446
17392
1827
15385
35247
37655
15224
11360
38006
37059
36216
6341
32515
33808
7811
36928
30883
29436
12380
38949
3883
28568
17157
12712
13932
18650
6674
24052
7097
5247
6648
14101
36728
39412
5263
33118
2871
26135
29316
35743
3023
32273
18161
35730
31389
22999
4340
38130
10492
15381
22907
30480
24296
33916
38879
11968
36358
19889
29550
22789
12197
27626
32003
7068
23195
17809
10579
20390
7087
39204
4870
39171
18976
34015
39497
6425
36010
29351
31367
16847
25800
9566
28018
2066
38457
26666
30989
27796
2384
12038
406
1722
18943
10982
625
27171
13396
12671
11212
32849
12527
39522
16268
20589
10839
1988
22593
37896
6249
12062
5839
31634
10924
31879
21304
34453
19763
18460
12174
22085
9759
11402
2772
6727
38672
10855
12829
18712
12874
32990
1279
33791
13818
23767
4238
23584
9978
12216
7249
35630
31694
16490
33005
11824
30091
60
18425
31672
16475
7800
34370
39031
20247
12095
24275
12111
16440
10264
18893
36904
18421
38114
38771
16175
17927
13499
39719
11776
23316
32693
4222
7387
11592
8597
21321
17048
16745
7572
38122
26214
22635
33691
2472
10254
2895
41
34872
38403
9464
1765
30824
25075
21312
15748
17796
39713
19524
3075
25286
11601
14035
12209
5425
28601
14793
23635
19910
22896
1365
9475
20322
16821
3992
32232
19279
10669
9849
2552
29621
12482
32693
11278
37932
14290
28214
17132
9015
14764
2655
17843
11430
29940
17013
25412
7883
34544
35660
24208
35770
31249
10570
19525
5614
585
17176
28886
12621
23667
20424
20985
2336
17650
20607
17905
24930
36497
24991
13795
24919
8741
28105
27881
11589
7718
21098
23449
20541
26560
27991
33216
24738
31816
30683
33929
7528
5740
15595
20670
2741
20922
9620
10881
20746
2980
26262
26840
26200
11630
5356
29950
29634
25333
23935
11885
30619
10172
9916
13533
24732
18400
26886
13803
2201
27668
5650
18470
23883
19825
15194
24040
10958
34068
17664
35615
27537
7854
20787
4876
5909
18261
4255
21391
6408
34045
6476
3197
11083
33764
8692
20203
11576
7517
33360
7674
36813
22241
39197
8196
13517
34253
7045
11485
37896
13512
21604
21445
17022
30346
23114
39453
33804
9507
36264
15952
8312
24497
13461
8668
25950
11361
20927
26233
24755
2101
5576
22665
3766
31113
38317
39050
32433
31289
35877
28463
7602
10579
31917
38139
33105
3955
22931
7796
20889
25503
39126
21905
13246
14069
24471
35424
28088
19784
30614
31690
20437
9914
31339
21232
13774
15888
35492
5262
12446
21967
32145
15050
1074
31460
3530
25994
38048
8775
13646
21085
10030
2170
20916
29162
14132
39936
117
35969
33356
37569
5859
25050
30437
11754
25440
35862
30402
25188
32434
21124
25655
33895
2758
14660
29303
34586
5322
4267
2278
19104
28683
27099
22225
21773
1973
16228
6137
37044
1016
35172
39508
26947
18857
30730
9018
25043
7809
21882
35500
39705
22725
3431
111
15925
34221
11624
19057
35139
7626
21811
27999
27508
23279
2159
25999
1495
30485
21610
25674
20606
18779
31085
29191
21264
18917
1425
10583
10541
33245
30277
11848
6375
12644
14381
15775
6185
26464
27077
11531
36314
10901
14278
12632
34036
16632
5548
3376
8634
11718
34934
37843
15095
24200
12682
24012
37882
11258
21288
39997
36024
28228
35221
4073
9068
23327
2160
6684
25227
33649
21691
665
20737
19915
26494
2571
28840
21574
27585
16239
29372
19341
35009
38601
4606
16361
24195
2165
9625
15441
24953
13248
34972
19914
17680
36400
20771
33583
28833
25809
4696
36334
14220
11989
2502
15051
32097
4463
21968
28962
15754
8177
14401
3375
1964
1149
36185
5732
7876
12976
844
8134
22028
25763
27847
19659
3754
31618
17385
30238
9392
24461
6310
14378
13286
6034
17501
13013
32518
29396
5887
1215
12827
7354
18699
3348
4148
33269
29328
4712
23410
30849
1849
32454
13816
22183
5129
24180
12346
36991
35637
36460
19648
39585
30712
14976
5236
7984
16860
15473
21771
16756
7545
16196
15056
38241
13176
32304
18908
4674
25292
19184
15475
29877
32266
3262
35596
11556
8178
39879
11526
32501
35484
3254
1425
11760
6053
12764
36971
26647
11004
2389
32319
38028
18643
37329
3226
13000
9152
31203
12445
18704
13433
713
3645
39003
23975
35384
31489
35618
31989
7779
16526
26776
36361
3804
32814
31625
12339
31678
12568
5225
37017
460
17297
4849
20050
16581
22479
24853
1908
37796
9873
34884
37406
2520
3686
32438
16828
39623
13031
13800
26942
10634
22175
10872
34688
6886
29151
14075
4274
2626
29486
36795
3243
8409
11644
4837
3075
21892
31221
10656
27129
5992
35879
31823
11517
39521
34291
32247
16686
25580
19667
11929
4758
6562
34013
27704
22872
1900
21714
32749
34592
15909
37971
4294
20615
4770
38521
30704
12002
20988
26642
24561
19720
19842
30985
20993
6707
7117
26784
4466
22305
20792
23307
30535
34366
8707
29460
36290
24125
30074
4301
11184
33472
7117
240
13283
6235
30354
34474
14578
13423
301
13050
33971
6830
3855
26578
17315
38422
23086
16884
29840
20591
6329
29496
20999
4816
9464
4994
14140
15977
5494
37464
16090
26175
15883
28799
32445
17072
24640
39624
12860
3474
23021
28123
30247
2629
19353
2614
1356
1678
15431
28431
9547
30060
37466
33871
12107
23898
12099
39018
16643
31016
27782
19631
22104
4939
34854
5461
34890
34147
36629
8337
1830
21624
33905
21326
7008
10934
8702
12403
19510
23929
6227
38578
33442
20000
27147
13765
27573
9213
35242
36062
7836
13201
32250
19565
14085
31993
21788
5749
8510
30375
19699
1146
30497
32173
1934
19874
29684
24952
26390
11774
35092
35911
11528
30420
30028
16838
1768
35448
16429
33867
31095
6222
28395
34246
12011
31166
11075
26266
23595
38493
31105
18048
11800
27927
8917
8768
13572
33326
30515
31624
4311
5426
4841
3990
2525
30955
13937
31437
20767
9566
12732
23141
11391
25881
17132
15538
16295
24198
21964
18337
7577
8849
26921
22019
33546
25037
8557
35294
14400
36506
27169
35374
10430
4923
37535
33555
28371
34750
32608
19408
3538
4532
20506
25498
23531
32278
4324
14535
26964
11030
6605
10045
11059
23083
4331
3028
17526
34620
3380
28590
24679
29360
1253
37557
33843
39433
25880
10965
6779
38000
32516
19800
26821
6638
5193
6084
34426
27558
33182
39037
10069
11288
28983
12469
34588
13802
39702
23202
6041
19636
18603
28466
11542
6827
12550
9648
33585
14714
16203
24574
34104
31822
29274
17820
28282
33183
38059
7525
267
30719
22296
37068
14005
35321
27545
10125
17547
1791
18882
38695
38826
28316
666
7078
15788
14017
38043
9327
26218
2056
20116
34583
7111
26527
15464
28410
22177
3759
1367
10951
5022
22909
19584
18415
1927
38493
2356
18012
30997
39963
9359
5415
29175
34468
22251
6042
23056
27766
4422
31557
7981
17532
16592
16048
36040
9842
22321
3448
29364
17665
11311
2968
3808
39277
20777
38944
19280
15433
39186
23086
12917
26108
20819
32105
23699
12720
33341
38355
36787
16421
31782
25603
10189
32467
16492
10554
39935
26537
26157
14784
3112
17446
7668
21132
31660
24158
28223
29076
15210
19731
30428
9893
13771
27581
13526
9467
23354
6089
15356
22631
26460
19603
24657
20724
21958
16053
21759
7402
24478
27657
38528
34594
15879
9995
28513
13876
2708
25517
35579
8126
4207
35791
31598
36814
1771
7969
36546
14124
22132
12234
17908
6173
13353
31225
33350
11294
21094
12255
31778
26643
17353
32778
22634
36877
18786
10725
2108
17380
29092
21779
32417
263
27031
9085
6384
31883
21979
167
10783
36429
190
25806
10988
14603
37912
16851
28901
36735
7151
18255
13250
24839
33181
12898
21127
24336
3246
2334
815
27018
9709
26867
12459
975
13607
31543
39402
16676
39135
10065
39621
11947
17905
32539
31608
36721
21772
33072
29222
24650
19518
7479
29814
27058
27122
11603
9786
26778
16172
19078
27038
2962
14213
32362
35467
25837
1681
7583
26330
9522
37050
27636
31892
22545
12514
39575
33613
14299
18962
7549
35852
5606
9330
5479
26522
21114
11434
24380
6507
8688
8084
26369
889
12542
1106
25882
13973
1257
37915
23759
2635
113
25208
38154
22888
11333
28305
8558
24480
12092
12712
26135
4254
29101
20884
7866
3934
26463
16878
11554
58
25781
35764
33907
17113
2889
13197
19708
27455
26941
20422
10307
6700
39975
27762
33594
29651
16194
23111
70
2736
13646
12036
18962
39963
34536
16823
15307
8161
25107
28086
11460
12534
3234
32538
13869
15118
5763
10824
1640
27664
24080
22580
24074
482
19326
11476
2093
30797
19646
25151
29994
28519
31853
31512
35921
4979
8654
24805
13722
39240
9182
35477
23524
11600
37957
36217
8031
14460
38255
31288
23016
28635
37048
28110
3765
25763
291
39589
13139
24304
2336
29135
32184
12903
24763
37273
35017
12151
4353
5759
2816
17357
27065
29877
12824
22
254
26897
9859
17326
24353
9011
23366
37745
9653
22761
7936
12230
30178
4873
14074
12521
18562
30600
11665
1767
12215
25733
16025
33815
12623
26600
16667
476
15852
19240
29079
15972
8706
336
16267
4329
29596
24640
21718
10265
34352
11118
23942
21345
3142
14987
20886
17715
38191
8417
31685
30084
37662
36201
36433
2192
38444
7014
20541
680
31406
8932
38471
3039
25297
4734
20816
2889
34608
33622
9096
32904
19128
3707
2987
13463
3321
38626
25361
7367
35873
20890
33666
38235
37387
36199
38787
36840
2994
1549
4760
7548
29311
5392
31690
28005
9085
32991
11841
26576
5017
34913
23540
22163
31875
14290
17547
29684
25180
9652
30425
7832
11005
13669
25858
2267
29905
9339
14161
11170
24992
24803
6254
28056
6733
38086
6286
4424
19551
37658
27598
15105
27995
10064
33705
23077
34022
37877
29993
12798
31916
9313
6384
24710
23378
17033
16440
8798
30750
772
4282
4210
17493
13762
25150
28225
31176
36571
18777
38979
34267
37983
19096
36531
10529
36563
25466
23227
5084
15060
38748
30097
25881
15238
13622
16530
1625
20681
35711
37119
37522
18759
21672
246
9297
37319
5938
26266
4683
21604
6297
4910
34526
38350
23585
31593
21917
14563
16268
7122
27706
6126
26365
8110
37612
37825
35256
17240
28272
35722
25096
29486
18790
32500
25791
2604
12595
12398
2510
892
11697
38845
9073
36663
20569
15516
21365
28582
11041
3212
39462
2595
14582
7736
3924
38743
38748
38845
17538
7877
4635
16634
15879
26183
2049
20912
25772
38693
25717
29503
26716
25158
39160
34574
31046
21971
14463
4536
29659
15300
34947
23726
31100
22230
28701
30598
20747
9313
30900
39025
8360
713
25406
21108
2532
25832
24476
26650
27951
2300
8745
13041
18716
20537
28253
24402
38864
6075
16583
3380
17284
1547
15927
19396
29118
249
27031
39981
5780
39693
18029
35181
38357
39118
14432
7337
22755
12231
35678
33356
10668
1231
18939
19025
12530
18442
8636
7708
23394
8925
16358
32551
1080
5317
6574
25964
21609
2678
11556
1258
12254
30427
5515
36313
29276
6259
28388
1794
32857
22537
33721
25705
10170
23538
21740
15913
39570
18939
11050
24862
19713
30866
7437
20121
2434
24726
4788
13102
18129
18247
24982
8970
27582
3746
2685
3584
29956
23036
35146
33163
19541
24662
4683
22556
25901
10086
34834
29345
39087
35759
2009
1516
38569
4758
26923
13023
28576
39250
21134
35388
37679
14962
340
23439
931
37735
1469
29268
36885
20235
17966
11666
25873
8881
31865
15075
17194
35982
35539
34924
30250
14271
37040
22856
4770
3775
22311
22350
18739
12622
21914
4479
31347
9910
24981
20885
18747
1712
13738
38647
17447
36820
16514
3286
32670
24972
7951
5586
7086
17446
21542
10922
39104
15573
16108
23074
4232
32495
11807
12053
39912
11391
31271
29208
19215
29641
17247
39416
23274
33371
12646
26937
1457
4950
11215
19172
36562
23583
15578
36570
225
1209
2193
36813
30838
22714
28990
11361
25566
18766
35176
26923
6890
5447
26011
2601
38276
25161
19910
26875
1844
11383
21175
35561
13331
3406
33589
30851
24375
14591
10637
21838
5987
18328
32099
24451
1544
38965
10986
36778
24665
9404
17992
24881
36815
3987
11405
36697
39410
22453
35429
33263
31850
24661
7846
33426
20780
20784
35106
25305
37626
7923
13338
5227
39385
22989
7671
472
13465
27290
33058
15841
21681
25996
26872
21466
14789
10857
16287
1885
32679
33953
3429
11863
11993
24930
18325
38918
15775
14874
21591
38672
3288
8778
38736
13086
33211
2003
12655
36127
17885
8483
3684
20149
29098
30390
4960
39886
37058
6788
35046
633
15786
8686
34355
2829
32953
4090
36201
23393
15845
33738
12003
11257
24712
5295
20154
22086
9315
9740
11316
23126
19850
38533
35678
12196
18022
18574
13205
6421
21166
105
7100
13707
14411
29628
23169
5548
731
38083
19869
12562
26526
344
5537
1594
17842
38020
13056
6272
729
5048
36913
9995
24391
12104
35651
36349
4852
699
18136
1913
18710
12859
6058
32078
28079
36071
22212
35250
23253
31867
16422
7070
9050
18217
18552
30700
13972
34100
17533
19304
16934
35945
17557
39815
11733
5595
36785
22894
39258
1452
10835
13998
36440
16081
15804
14113
36195
14133
27826
17641
36146
150
17873
15593
11624
33250
12180
35268
30580
29706
17192
37217
29788
35705
32460
10798
31684
12842
5577
10818
8165
11854
9240
34420
39632
20688
10660
32014
25507
20049
7041
19147
15582
22543
9949
7930
37287
19110
16554
18364
7952
1221
35560
31964
31141
10433
25731
35561
19865
5236
12755
4267
10743
18562
3740
21764
30661
8186
25048
1037
8877
1537
4001
28328
22294
11904
31901
34687
15248
24196
26035
6515
34760
15284
9079
35164
18326
7312
19745
20618
14212
27811
24469
30729
33110
4373
8122
11313
36765
39499
31215
31758
589
28698
17856
28046
25751
247
6678
30617
10057
33649
4586
31896
24206
5125
27967
2172
8056
23584
2311
29364
13640
12833
9846
7341
11960
34099
12847
17102
20035
24203
22398
23931
13164
12598
22403
30574
15111
32269
29465
39836
37036
36158
27594
31373
14740
6367
3386
26361
13590
21448
36687
37438
36332
37035
8476
33184
22674
31199
23315
8918
34522
31334
6585
3778
34078
31980
37190
38847
16104
23996
19556
31448
8605
2764
26957
14863
7865
24504
15180
31666
15374
36348
24903
33050
11369
13675
16006
21676
29799
23910
11872
35793
17961
14273
13132
26518
11501
29636
34779
809
5124
31539
12867
29920
28752
4357
32105
30492
28024
10536
39780
36595
15005
21943
34931
13119
16789
29582
28079
13403
404
3354
37737
27068
26827
17997
2112
32956
749
17198
37254
9320
20380
24112
33190
12748
19871
8784
36302
23447
2583
32579
22808
6518
30255
17209
38535
35081
5846
9493
11815
13383
10527
18565
39003
27305
11291
7653
7186
27208
24452
33400
30139
27315
4307
26770
23174
35203
20497
10502
14182
9966
17746
14060
33477
28976
36521
33469
4519
10146
39114
31091
5496
29653
28550
32030
33146
18926
4131
20763
30230
14636
35195
5188
24798
3746
27234
5551
28160
2367
30444
38122
28047
8196
26764
20396
1133
33934
5115
4842
39399
5032
7229
38747
1274
36228
12362
32064
25696
35459
35018
34260
14225
34488
14156
36861
9985
32722
12542
9775
4789
28819
30722
35486
32990
15249
22523
27592
1107
17030
31853
12812
23940
10963
17036
25434
31739
5358
18434
8484
27898
18411
14977
20955
19356
23843
31023
25614
14302
5134
21837
19420
18917
17906
26879
24155
3031
39055
25559
19928
20634
14736
35882
13387
20775
19802
3423
9007
1174
17680
10082
32334
26950
8924
11505
2233
29822
7118
34089
12057
16537
52
21264
25148
30286
8563
35511
16611
10545
857
6920
25692
2211
38329
6163
21343
30431
35355
26062
3868
11286
16207
4369
5003
10898
34019
6636
5771
24905
2127
10712
7786
1599
26906
35476
38372
10573
38748
27572
16122
2065
28565
274
6800
34476
5984
8970
7176
23715
16189
30547
9151
19087
4223
8305
11238
17593
21065
31128
23507
31997
9136
3780
17521
33535
26036
731
37777
10871
30368
36932
38812
16136
29145
26888
29062
34669
16127
37760
1152
11020
36316
8567
25385
7936
11495
19566
36569
21473
28859
17820
10967
38049
8317
28717
5106
35819
24252
17040
38780
19772
34476
12807
177
23313
15763
20148
6138
15606
35569
1283
54
9111
34793
34050
8880
2224
38986
22031
4615
8377
35438
16785
35248
22054
29763
2323
8067
4665
9238
35506
29296
21314
33002
4156
38791
14800
4138
29768
29415
24395
26936
9677
8898
5789
4436
10723
23115
14283
10348
25473
10100
25467
19208
24176
21280
35261
21274
8716
37117
32826
39927
38209
354
24961
36551
5074
22082
15054
33386
18126
26783
14088
37828
38802
18843
13593
19760
32807
5857
5312
4820
28390
3829
31840
11075
5629
5229
16384
17833
14030
27183
10974
31179
27437
17283
33640
31483
39730
11415
9083
26663
13904
31264
20408
26807
3790
29834
34657
38299
18592
11812
34464
2201
29219
37292
12010
26004
2678
3699
31687
2799
13820
7133
13295
29977
17287
9372
27570
18058
35600
24832
38759
27936
10318
9257
36791
11882
33487
33383
29538
17313
19606
11623
18110
24099
33582
2040
2394
36434
37508
23739
11976
19333
27128
23662
30417
9068
7208
18525
10318
9938
21177
10098
30531
2283
11364
15954
19152
1786
972
22406
11748
7397
24562
23729
21126
17458
36957
6961
22640
2523
35366
10833
2873
34343
27116
30244
30526
18872
22312
12666
2162
19336
12829
32724
20318
33305
22270
20002
473
13635
31208
21623
13508
30660
1264
9427
38692
28518
35441
18459
11690
2617
36447
35482
28905
29432
33563
21
33732
12927
37251
6523
2178
3973
19363
10548
15269
31705
25987
4257
31059
2352
39945
25074
6066
26943
31437
9796
25307
30530
14375
32923
35842
3595
7589
33386
27233
17417
21361
18974
38277
29560
398
34069
681
777
14066
4094
35038
2272
12803
33524
38726
39611
1506
36246
19760
35868
29808
2414
18790
10035
70
31088
1961
32039
27215
33946
8897
25569
30666
29082
39797
39923
16160
33728
34491
37762
2050
20398
31207
785
26599
33518
9569
34743
16576
4567
18066
36498
39709
8011
1814
1176
36394
15206
7627
3142
19586
3999
11998
27710
20616
17622
340
15877
12037
33036
3470
20367
9002
31503
2869
31009
13277
22379
24534
2384
18138
8058
12216
34408
21024
12343
1648
28101
29334
32270
14598
16673
22498
39262
11232
22303
5597
27851
881
35429
25638
4921
8220
9803
36650
2342
11218
16059
29384
29471
15611
25178
36129
12169
12492
28961
9215
26763
39882
3531
37438
39666
20141
21728
19258
17283
38432
5513
23576
30673
19174
32152
13694
31883
18527
35728
5246
4463
37337
9962
34539
2035
36197
30606
17671
3848
24198
7071
481
16618
24233
29759
4952
35406
18565
34874
24497
9048
34375
36239
36022
36054
28371
33495
35649
17758
39984
35964
28011
36948
37814
37501
27609
14103
34119
33685
16726
6892
17059
14666
581
17826
25186
10619
20906
28292
10112
7520
7412
19097
34730
10705
29485
11027
36259
16499
31182
32963
17891
15290
13641
35100
4643
21805
39524
19482
32272
16909
32246
8528
33958
19446
35494
121
20722
37739
2325
3793
24959
8092
29155
32331
31786
30796
11454
19397
25732
24252
8670
33229
23978
34694
30678
27368
6760
19972
20680
26045
11914
38929
1920
21421
16664
5383
29428
12168
34083
36556
4262
9031
7119
37503
67
33427
12241
12184
189
7901
8932
4261
39598
10607
38317
29299
9155
16549
23957
17919
24860
5708
26550
10232
7435
3599
36226
20122
9335
22223
741
39609
18083
9916
8806
21186
616
7243
39342
9138
14373
35837
28216
32238
496
24781
10347
30448
36862
26437
23939
2236
35326
31221
20843
5222
33336
18761
16108
37418
2501
15052
622
36842
34968
24584
33503
9771
22630
16536
9913
32576
35427
34602
3374
21061
14456
788
20504
16340
15814
39921
39572
25047
14595
26074
28982
1478
17794
4590
4958
14389
5229
17488
15767
23808
9897
36022
9661
12921
5758
6782
22953
15961
36261
3075
29044
9138
22380
34383
34299
18202
28723
26884
6570
18646
9251
18473
6452
29595
30477
24391
8411
31202
35877
6423
15163
25287
37465
23611
6950
37379
265
28219
730
138
9509
30773
28786
10038
11310
13439
15690
23152
11594
32315
17964
13582
27750
34098
10739
702
38193
29510
38624
23786
38329
4762
37972
37630
10655
26222
30369
34978
36524
9944
3685
12826
16957
21877
31433
28729
29005
25900
22924
28856
10694
18545
25089
32390
599
5182
527
7270
8521
27646
36192
5049
33590
28458
24603
37148
36974
37434
30164
12695
23297
24706
10431
12181
33775
39155
26769
6247
18738
1348
28594
9873
7145
3473
24079
2785
4716
19427
6608
16755
32580
13785
8328
8728
34140
1538
39653
3799
32010
919
25667
624
11656
35103
32603
13132
13174
9937
4311
27614
22479
678
3321
2072
35847
4238
27510
1858
23032
9245
28745
13549
23084
36751
6837
7633
15754
11679
9277
18921
22351
127
1357
7341
33618
13733
18754
1951
36628
33240
19162
32911
9164
39490
34696
11317
37914
1817
38804
25200
19480
26080
16564
4620
34749
10776
4151
11992
9708
9110
4554
25302
35778
11111
21609
34089
16498
11180
27383
8708
15648
29808
23115
30247
18996
7335
6153
37019
392
29267
24572
27970
16799
21744
28113
18561
23725
17831
1743
39339
9259
37993
20839
1396
22944
31598
17385
23933
39849
3722
35280
29639
3665
28820
21192
5234
8742
21536
591
37138
27190
11210
23032
12989
9992
19001
12421
38777
890
28063
19754
31102
10517
38109
24896
24174
18988
1499
21296
25447
36117
34404
28055
16150
2513
22089
15134
7492
6209
16195
11884
6076
23831
3241
28169
21313
1121
36513
12854
9125
26939
15044
2019
14686
915
33683
25655
3852
3321
39629
30456
22833
9375
18441
14567
33222
31560
13779
32133
36446
3472
1997
5524
14295
37749
5299
21087
2924
26489
24353
5997
25149
17516
20344
6972
37272
39635
16408
698
29304
36606
21812
25035
149
7593
18946
11467
36247
17450
11053
9051
26962
37950
6709
35706
7243
3332
20274
14364
703
12879
36506
21292
25354
12158
36589
18338
6687
31667
34626
32360
7876
9055
13190
22913
23781
3003
38124
6425
1465
7301
34558
26792
6252
30077
14275
16492
34791
26094
34549
12688
13573
1024
37802
37270
20776
12001
90
27878
12849
37239
10623
18984
6386
4094
4343
2304
13552
39538
36366
10772
25943
16657
24718
31895
19222
27448
20067
32886
29359
25376
32577
39672
36475
11380
326
9925
11535
17173
7414
5437
39933
11631
1906
37133
30327
32967
12202
33852
38441
5742
36781
35079
30295
15483
21180
23671
30143
39873
5890
569
11868
35097
28361
25978
35315
26831
20682
17453
33752
39993
30440
39550
2892
34600
17924
5809
10371
16513
27118
16367
12298
35648
6882
14117
25127
11189
11127
25526
10689
7039
20059
525
11431
23353
23393
3687
19067
12442
21650
30903
28803
7190
38913
3552
18658
21852
32122
36435
30407
31255
33198
220
26304
12437
31028
4837
3130
1733
9007
22052
24198
32985
8340
10210
25992
19021
5370
13746
20931
23861
38419
8737
27196
13424
3122
35513
27432
20381
28432
26680
33657
19052
33385
22539
31112
10220
11881
3427
32150
5325
29201
27882
27182
15783
30481
22999
33798
14879
36304
5111
30084
38723
19371
602
38562
19473
14526
18104
27538
31878
38792
18882
11292
39012
17962
582
15518
6905
26655
38713
28951
13092
11831
14928
11001
36640
19340
38172
16499
25793
25384
30769
1316
15323
32060
24929
28943
34456
24372
31528
20992
21733
29382
35864
28487
5812
17916
20956
6623
5277
32415
25572
28724
24536
28770
12979
31909
15687
25127
594
569
5728
32128
31421
30879
36976
29439
6821
22041
5067
21542
14636
35243
9580
25251
36794
22118
10930
20958
9879
24749
26254
7287
35034
29765
30595
33775
969
23453
39769
12998
30500
5660
14283
19721
3350
13929
25927
29851
22048
5086
2332
13273
23740
34951
10719
18627
10023
29510
7006
25022
30274
39064
13447
23247
13168
24332
28442
3405
34653
21719
1468
24035
37801
1986
36170
21401
1940
5721
25501
10811
181
8707
29570
6273
38308
16360
28928
3820
25590
24410
9269
20716
22305
3974
10805
33147
4722
33015
9588
20018
20428
8063
35370
28389
17600
27384
13090
423
29224
8520
30682
13349
32016
20929
36989
26294
13891
301
32895
539
12085
26042
23294
38222
17714
37521
20135
36119
3779
37162
20450
12562
39108
34590
24675
6390
1711
7097
23532
3769
24540
27392
447
32591
24645
29863
7148
26405
5893
9246
13928
34459
16969
23348
15955
38427
6955
19383
27514
12632
21563
22337
4785
18965
18306
2874
39450
13975
28609
38259
18716
39969
4176
6937
33745
1652
32296
5858
33557
25422
15014
24475
19918
28250
11722
11594
14839
19022
22839
27127
37959
164
27334
9112
11205
34892
24080
2883
6177
3193
4963
20814
18900
34863
31290
25958
2634
26092
3699
20991
22455
1459
19823
34492
33469
4737
10401
31609
30879
5145
26227
23936
11220
7274
6402
18579
24668
32618
25219
13618
19927
36433
28803
34097
15983
1835
15457
30486
4421
36991
10014
1783
4309
36241
16113
28983
24359
28807
1193
9283
34367
25571
24944
2957
10749
36661
19737
8096
20385
21941
22136
9205
6875
23471
300
21128
15312
17539
20443
4895
4461
37697
22400
5489
21959
7896
24580
38731
39886
35273
28999
7922
20444
4470
25260
13332
33255
32707
6629
1088
37628
5889
37269
980
22258
4178
25255
35083
13041
13388
14544
17310
11690
17183
24364
11784
16774
13340
30025
36000
633
2592
39951
24605
1240
28923
27795
5222
31018
21466
10697
13322
13979
12194
11585
24851
23356
24450
19161
10692
19822
36143
30193
1666
32913
2624
23822
12691
31226
37776
15201
35761
24092
5430
16732
25393
25726
37673
7678
7064
5250
5600
6356
31733
29188
34982
16426
6619
28959
30369
9822
39059
30294
14435
20538
24880
4369
21967
31115
26857
28105
32248
3122
8880
26697
31708
10674
22131
13013
22788
2670
9833
24444
36081
23513
22556
34143
20230
3452
36449
14835
8646
12455
3958
10554
5282
27825
35049
21214
30171
12703
33385
35877
2338
32801
20653
32924
28579
26970
15372
27113
3532
26057
3494
17121
6259
23378
2754
16203
13153
28963
19722
3317
18510
29789
27791
11829
5473
35553
12912
3557
38568
7865
27262
28312
1498
12688
27452
35692
26797
36354
19401
25819
26549
32352
6929
18219
35181
15228
31131
33507
19055
7753
15763
35249
36407
378
36649
14657
37313
25242
20080
23093
24069
4953
36902
35604
8354
18526
18010
28726
8326
13784
18275
1967
39838
7905
39433
24106
4957
19122
36434
26323
33848
38160
8114
36465
9906
33640
6014
9729
16268
39853
39907
23791
17190
1842
38265
3009
30502
36131
12116
21262
21690
35561
5639
33115
6470
2465
3307
4668
4238
29076
29388
23714
17674
26005
34372
20523
7803
23904
29949
26513
16229
26222
27383
13300
39475
26627
32876
12619
26738
19055
14381
18696
35691
17730
39834
37587
35204
16273
15869
16305
7342
17562
12145
36291
38574
26924
21227
29746
32558
7815
15955
13392
704
37292
26867
2258
38117
17016
33115
15853
17643
27080
10434
429
17958
12939
18431
17560
2168
19391
8660
11840
7910
7801
18993
35361
3039
20253
25467
35804
13214
12240
35948
13045
18523
32885
16799
39155
29272
4678
27147
36486
39616
4263
16117
23074
9721
39459
33374
8967
14470
35095
35061
306
17835
6848
19594
7916
7873
13602
32475
27899
5228
722
38204
17879
27438
13137
12330
26828
4898
31628
10356
33885
23461
26042
5516
21275
36042
34756
20712
30949
3148
39132
28864
39634
28121
28916
20236
12075
2644
34728
36396
27265
12185
621
31300
23611
3430
14846
22222
23113
35817
20396
580
36025
6981
19227
37277
33351
16110
3676
1057
32430
31891
5546
19539
28249
38087
23022
17573
37189
26157
15241
32112
9715
18016
26470
23514
34344
8921
25908
15799
7930
23290
11824
1956
3240
22397
7956
5554
15806
33275
39276
1888
33572
4363
31792
24307
36699
14491
35773
1950
23059
33515
9613
23217
24921
39625
12738
7659
7662
23933
24733
15530
13958
18909
15138
25411
16463
22922
7385
4139
24176
38754
37865
32796
12058
9853
10677
5550
25403
23076
22398
28010
28205
20651
26727
8933
4262
30596
11883
28038
25656
25372
11670
11946
34066
22316
38059
8278
2236
1481
30667
17325
28625
32771
31636
7340
518
322
38987
20164
27727
38639
18368
36709
11318
33859
8178
23635
23083
37304
16645
1950
30490
9869
36523
19487
15542
30826
4660
869
8877
35235
9073
6591
6344
8261
28192
3215
39180
4603
7577
1486
11865
37594
18333
27999
38188
18160
26416
26366
4866
29342
15380
13073
19420
6374
20506
30904
17766
2646
9794
16649
15394
28747
23158
22900
7456
21480
5959
11190
13453
26435
30480
10271
28141
33260
12314
2272
11190
8535
776
28740
1214
4182
3156
7855
6474
25717
6729
35480
38114
38023
11668
35383
21036
32880
10349
17427
31983
27488
26032
14403
37942
38505
7853
3952
36769
22572
16264
811
18097
6831
453
38858
18009
30011
12444
23680
32325
30328
27275
6903
31781
6778
27200
12101
17400
15987
39175
31800
35340
8934
16968
9042
34699
3491
30072
30656
12159
29366
11547
22730
4863
8128
6736
29792
9823
7164
17209
4424
14858
32397
3674
36103
13839
24237
27474
36978
29535
6047
791
26045
4728
18388
34978
2947
13817
38663
3775
14593
20333
25234
4496
17488
7698
17685
10868
10213
17440
14385
39818
8913
17927
26092
18264
37983
536
36214
35245
17062
34228
24029
27917
14754
30156
26613
27477
13113
12960
36094
35412
15095
3934
5190
25220
13984
6209
12915
6679
15088
9821
430
34981
35755
19109
1181
7051
35613
10492
1749
30498
37440
13009
30570
9782
9582
2345
19166
24345
6308
3494
28476
39119
35747
18752
22386
21910
17330
33230
11470
8826
16115
24435
9566
3949
30840
21206
6445
23001
6221
19366
35533
14294
35860
12198
35281
5687
20632
35302
30403
30503
31753
35646
18804
27017
8998
23275
38370
32454
7132
14457
32578
26552
29605
26317
31125
11701
35887
36773
5412
37451
37455
14244
23672
8985
4664
33733
10649
3727
29744
19069
12367
19155
37955
35581
32080
31255
37354
30924
1765
18318
31570
14091
3460
17986
34660
29902
1705
541
26976
35396
31933
264
2943
13840
12320
30025
24453
2035
30788
32722
9852
32505
9719
3055
32139
24420
26344
9425
26564
6485
38690
3526
28725
32935
34332
16606
24926
39620
12550
11182
5569
6422
18008
6994
39190
28223
38737
8237
32288
29299
5951
17126
23785
6179
36691
39781
11712
18928
12853
12421
33053
29037
38066
23101
27729
35351
4570
25700
15795
8339
38404
25213
36843
38914
31219
21895
32278
36979
12722
30293
4928
38041
34650
2885
33128
564
33074
5080
938
12708
14470
23422
32919
12055
10992
24922
22437
35799
17996
35646
8865
18336
6014
3778
27879
20352
37023
9115
31981
30209
15771
18935
31983
8719
37181
14649
36122
23485
15728
28544
21252
13406
36604
29564
14132
15786
3028
17849
31660
23719
33459
10789
24676
22854
8167
27515
24561
31780
29304
5468
11736
11528
28904
10956
26905
8493
13985
24921
1715
23706
24590
31560
10812
25309
24058
24949
34555
20790
20102
5770
20385
26904
32314
29470
18401
4479
14498
7433
20157
24111
27160
31338
7952
9240
5010
3185
28297
2049
19841
6217
26207
12832
23811
1965
33150
32535
6430
7061
21405
30392
17141
21484
10051
38233
25004
9273
9736
20689
3476
6540
897
10972
15054
17526
1514
29412
12740
12609
948
6302
17300
10228
12332
35269
19227
157
250
13312
22455
27893
17757
14724
14829
10512
15710
19013
32939
4624
14397
8066
10943
27718
21813
684
26644
12612
7040
17070
28722
5815
10751
7082
14723
10319
13869
24662
7491
16785
19557
347
28665
37087
5173
33206
35183
16144
36049
13298
13474
13827
1402
23616
28821
27697
5984
24122
14087
1957
1238
26487
39341
25097
33283
12527
3229
38550
36704
3999
11493
31599
3654
31883
28981
24461
2110
11678
35330
26134
24657
19775
38145
13557
21947
14098
22669
5862
39512
38657
38427
18232
5697
36011
6521
22023
28372
5605
23244
27719
3029
26844
35646
24808
7158
37018
11471
16545
784
2160
33038
33393
31730
27104
37805
30351
15903
10755
7549
15092
12108
33840
16462
9956
13129
28367
12711
7034
7046
1791
18576
36706
37141
10471
28911
1554
15657
15886
625
36711
25136
30510
15727
19770
26348
19438
31738
21498
32847
12055
9196
38209
23495
3831
36902
17561
13527
17328
37030
1600
37687
38400
13999
2408
5123
3172
34971
37514
13748
19570
24837
22611
8177
18012
6094
25261
9824
13174
1633
36509
22823
38575
19689
10280
35319
22864
34528
18831
978
25425
4699
35308
31951
20418
25072
17814
34315
6321
14070
4816
30098
39144
33899
38463
37722
6057
18866
394
6367
8771
306
13020
37655
34240
34851
14102
183
21014
32744
26625
31436
19035
37495
10148
36809
29637
19852
8550
17598
1682
32797
13608
32874
6516
19625
25704
37263
6238
32476
39667
35827
27953
37392
16534
10830
37115
22845
31466
17165
6923
2000
23275
26082
18308
19406
17467
2298
2563
8362
20045
21374
12963
30190
5169
37654
37577
9705
6570
17460
14094
34969
9608
14365
26039
30496
37539
23963
33342
30052
4689
36982
38185
3397
13517
26154
4549
1259
39957
22
629
28304
14646
31525
7360
35035
39500
1512
29212
19945
22980
27797
14404
32792
37702
36707
14070
21703
9747
26585
27203
6438
35106
30445
10928
4229
13665
14799
26373
37737
3585
8757
31527
6748
21442
14438
7095
6852
24307
17266
5806
8118
29839
39561
10732
35905
16997
32722
35465
28057
31848
28110
29192
6152
33412
31210
39734
35350
23266
32960
5381
9284
11096
3995
14662
20534
34566
33014
34104
8392
37787
16520
6106
23004
5635
28958
12744
18126
35575
4358
15824
2195
5465
25049
19717
13275
12097
6895
28209
30843
30529
31439
4305
36277
32412
29245
19051
9548
5899
20530
9533
24352
8720
32393
7590
16289
18351
23288
35737
20250
19525
39085
14785
38799
27982
33679
23893
35859
26221
17675
28167
16939
36458
21598
35115
22786
33620
34372
34666
38467
31431
39366
8636
7343
10068
29542
35213
33273
35833
20283
38672
25150
39916
14609
37363
30395
21597
24040
3302
33307
4033
31522
3677
16964
26112
2494
11773
2331
39340
8091
36705
38960
6303
20560
13717
33312
19003
9125
20239
38398
13917
17201
11514
10019
33406
27099
10415
31567
6281
18213
13796
38703
26485
22957
17444
20230
3671
8024
32196
26024
34961
31019
6214
17163
16420
22216
19199
13363
27277
13417
32065
36065
24747
17134
29295
35481
4636
35481
34810
22467
10561
37998
1707
17902
21030
5130
35365
36868
5688
1878
28926
24869
33681
25193
10549
12713
12497
28261
16118
8156
32929
1911
33623
32358
33859
3064
7103
3309
19416
26502
32297
14084
2074
14340
15604
29105
25581
15480
11923
30879
2844
36037
18649
15351
8952
6488
24124
39727
25095
16710
11177
17617
21306
15037
26613
6550
32983
2476
6305
9215
16015
14670
32553
11629
35347
25435
21632
12451
35391
25315
31576
1847
16042
32377
31521
17536
3630
5968
38698
24775
31824
24468
28393
1765
35943
25431
38523
15031
8611
34403
4450
29273
30348
39512
34512
3767
34766
28746
16714
981
25231
1450
10334
29924
16118
13308
36270
14389
8662
35715
11488
39578
13208
10729
470
9181
5412
29589
17238
2816
23088
15323
30033
9538
14496
26884
18859
39542
28305
23146
32242
37396
14756
25441
10533
9899
17405
20393
5650
26422
36521
37573
35419
16132
8173
24248
13388
27461
36080
514
15625
15378
7185
27675
25516
29529
21573
36281
13450
4235
35202
33856
25454
37377
23936
19035
5067
13685
25958
25882
17988
26147
19608
9746
9283
21768
34556
11441
32147
7430
24626
38570
15233
28204
8927
14104
37971
24933
37945
22313
14545
35802
30182
36386
15476
28068
37814
11180
18396
36740
2493
20939
14356
35124
7335
36944
30843
25608
14547
17769
10510
6333
18452
26974
7326
6240
16569
7580
31791
28911
34911
32274
29765
25986
34528
17947
25900
37188
13006
30262
1888
13993
7091
13758
3221
73
2573
13275
21995
20861
8407
39548
9829
529
30946
829
3588
24075
37313
37998
13607
33049
7450
29324
9752
5649
10923
32532
13724
20028
38240
19429
8619
3579
2715
678
32204
1415
2833
28420
22356
29096
36044
20791
14326
22408
29159
36663
1767
6859
21660
11765
22218
17776
33514
37257
33080
29370
19486
31927
30932
25684
27251
37374
12006
21132
30697
9864
22491
26474
13799
33504
22550
1677
9865
4863
1666
34078
24397
4565
32347
27572
8172
4382
29947
7237
15120
18203
31840
5965
2597
21915
35874
6417
1688
26594
32994
27230
32495
21733
1973
1821
19920
35013
12295
15270
23552
4849
31771
11226
29432
3519
2336
14149
26514
1734
10150
23360
28774
22401
34017
6317
37506
29344
9146
15505
37455
23247
34274
24540
38748
25053
8903
25743
29751
34581
18618
36633
27185
9933
2580
17382
25701
20480
32626
19041
38057
25563
17319
39099
36734
6435
32179
33217
16905
9822
6309
17886
37725
21872
7598
4237
18807
4759
490
7494
11152
30148
848
29807
33396
33564
23850
14880
25932
7311
11798
2243
36103
14533
32636
6867
34948
37215
22405
39090
36384
30791
6835
10245
17135
27994
34203
37326
39779
25060
10
24573
27891
32156
5317
17164
6444
6291
38905
33272
18103
2130
7910
20850
27640
19274
39727
34177
21398
22925
5
19867
1145
25230
32677
7849
39095
14293
29278
11329
18070
39530
7774
33201
12094
15555
26879
95
38669
15547
29795
16511
30758
29735
13476
33598
3006
119
7115
16623
27240
19013
16114
3455
151
5644
3932
799
36104
33957
13782
25036
33180
12869
35086
10237
16176
17283
29916
14495
29716
30039
5891
27903
31273
10151
28355
26988
28814
19779
9347
19790
15645
13796
13356
11972
28741
39080
27720
13503
11832
203
479
19013
18324
14257
31908
19054
19913
3343
14526
6525
38282
25610
15896
14740
19200
26862
31607
37557
16591
15223
7075
33963
28200
30293
6910
12516
33239
38393
21587
23227
33338
33359
33370
8243
12907
18925
36602
37143
31783
25738
33692
34650
17856
6781
567
11964
2938
11681
17668
30584
36055
274
34366
16584
23209
37969
20460
15332
25641
25202
4628
33846
21309
30788
14400
11578
28576
29987
14760
23149
12643
22153
9486
30847
16908
11906
19955
19829
20303
29298
25610
19757
33449
36976
19036
174
3340
34029
20357
17934
5340
1794
20538
29915
12621
19598
21420
12502
27130
38028
26480
12822
1777
9246
5595
13903
36743
39872
9616
20684
20484
39081
1813
1443
8115
39091
28008
36487
10595
13274
17901
23007
17618
27518
37688
14895
15980
35369
18285
35987
33742
15192
30961
19586
25533
23900
6344
25924
14414
4628
5998
28532
13825
24999
6185
3694
26638
37922
36060
3313
18379
7661
16173
6535
9199
9669
12984
35499
7924
21998
18833
3902
4600
17107
9551
8643
24330
30364
36517
35806
20092
19320
23674
18528
25209
21038
5585
11553
17656
22039
35699
13076
17924
12262
22848
16983
39767
2983
11203
12496
8500
38297
25077
32668
36569
31946
5284
17758
26637
3589
8860
27931
39851
7277
14808
1431
1470
12456
29614
13252
34520
3935
26388
7418
4434
36850
27810
30648
7273
27660
18294
5950
31180
16081
28303
25765
33305
31093
5616
2408
36047
4559
15999
34354
38384
32601
1494
25159
17959
10152
26307
15368
29621
8098
6335
27174
28825
23032
39901
20455
31616
31190
24937
21067
21390
25194
2050
14452
16161
9176
6209
19541
39240
15885
34003
13952
5082
31669
6932
12192
31272
19062
68
33857
4728
20170
36160
1446
26940
25881
38743
8676
25007
16779
5282
6483
7515
10672
17065
34878
31385
16236
6312
14483
38591
38512
22180
36997
10802
10926
13496
23013
30709
36434
30565
24598
27305
3369
21078
1001
2365
21430
9123
15276
26177
1851
15297
664
36926
1769
1252
35724
31786
34243
39075
28379
5734
37518
25038
25624
9203
14158
8984
7112
5019
36282
27239
21180
19569
30364
8489
26524
1368
7803
16010
35884
4788
9827
36654
591
1552
24156
36261
37933
33976
16560
3594
35406
17210
21160
23050
26653
37006
19680
31913
14009
802
1777
39715
13355
38287
34165
14703
38007
930
11937
37596
19259
29180
32980
13318
30459
38289
35545
24005
1710
6753
7277
18497
37701
18784
39088
35395
3833
10855
1302
36270
28161
32875
37124
28959
18577
31134
5407
32290
13593
34918
18483
9150
36365
31162
11867
9422
19393
30790
3900
34503
12238
10428
7167
11298
1256
19075
32591
26971
77
19984
30193
27622
25752
8906
33872
31959
31500
37138
38850
31979
36443
2438
14297
28343
21545
2369
32743
20441
26558
3804
20085
9714
3574
35990
33437
32238
9160
14515
26154
5122
33316
37833
33509
24438
10616
19688
31178
6281
4895
34289
21103
35853
20841
28183
15641
22783
38176
12175
26731
17724
9951
9537
33742
5075
4079
39473
28312
1466
36718
33215
5546
9980
21747
703
6847
15837
34740
21152
1921
17417
22181
29783
36350
25048
37458
10814
16864
19787
12485
8717
17927
32314
21557
10114
39342
37718
29142
2689
4668
12954
26234
15194
20609
4211
20166
14472
16781
14111
1039
3611
21095
29708
10315
16624
